Fin.,Off.,All,Name,Country,Team,Total,R1,R2,R3,R4,RS,R6,R7,R10,R11,R12,M,er
1,2,2,Tiit,Vunk,Estonia,EST-A,4522,500,410,685,310,232,370,287,330,1068,330,1424,1050
Czech
2,1,1,Jakub,OndrouSel,Republi,ICZE-A,4751,467,362,800,300,365,400,222,400,1095,340,1637,1002
3,3,3,Kota,Morinishi,Japan,PN-A,4357,404,362,800,310,241,259,252,360,1059,310,1291,982
4,5,5,Shiyu,Chen,China,ICHN-A,4191,363,450,620,260,264,410,214,370,1010,230,1264,940
5,4,4,Seungjae,Kwak,Korea,KOR-A,4277,500,410,608,156,228,325,280,340,1150,280,1481,846
6,8,8,HideakiJo,Japan,JPN-A,3945,433,273,634,260,331,122,155,350,1107,280,1240,813
7,6,6,Cheran,Sun,China,ICHN-A,4081,408,299,706,180,228,400,224,370,983,283,1442,762
8,9,9,Bastien,Vial-Jaime,France,FRA-A,3913,385,292,758,208,149,163,273,350,1045,290,1410,790
9,7,7,Yanzhe,Qiu,China,ICHN-A,3988,475,315,547,208,344,324,128,266,1101,280,1451,803
Czech
10,10,10,Jakub,Hrazdira,Republic,ICZE-A,3828,456,261,633,290,260,290,195,300,893,250,1405,801
11,11,Takuya,Sugimoto,Japan,IPN-A,3778,410,254,608,290,228,259,190,340,919,280,1375,824
12,12,Tantan,Dai,China,ICHN-A,3709,462,275,737,144,207,146,298,266,1014,160,1477,579
Czech
13,13,Jan,Zvérina,Republic,ICZE-A,3689,332,274,689,290,239,259,137,360,769,340,1144,904
14,14,David,Jones,Canada,UN-04,3628,398,302,571,136,228,316,183,300,994,200,1144,638
15,15,Timothy,Doyle,France,FRA-A,3621,317,371,535,100,229,370,244,380,915,160,1174,631
Czech
16,Jan,Novotny,Republic,ICZE-B,3420,415,136,587,250,180,296,173,164,1019,200,1568,586
16,17,Michael,Ley,Germany,DEU-A,3412,345,294,322,250,260,291,184,300,876,290,1302,834
17,18,Martin,Merker,Germany,DEU-A,3257,338,251,492,168,249,237,224,198,800,300,1637,719
19,Siyu,Yao,China,ICHN-B,3218,337,342,593,100,232,247,155,320,732,160,718,602
20,Menglei,Ma,China,ICHN-B,3153,244,342,491,136,232,168,190,300,790,260,911,738
21,Ken,Endo,Japan,JPN-B,3106,448,178,612,120,297,291,193,174,793,Oo,1538,298
18,22,Rohan,Rao,India,IND-A,3091,300,291,549,164,140,245,200,228,874,100,957,555
Czech
19,23,Klara,Vytiskova,Republic,CZE-A,3059,288,365,456,310,264,267,217,334,558,0,873,675
24,Cen,Chen,China,ICHN-E,3048,302,218,454,204,172,273,145,320,800,160,664,582
20,25,Vincent,Bertrand,Belgium,UN-03,3045,313,283,544,132,208,284,176,266,569,270,666,685
Prasanna,Venkatesh
21,26,Seshadri,India,IND-A,2993,342,249,395,140,180,288,194,266,939,0,1278,389
Czech
27,Jana,Novotna,Republi,ICZE-B,2992,353,240,537,148,92,222,183,242,705,270,1173,658
22,28,Salih,Alan,Turkey,ITUR-A,2972,404,264,514,144,115,254,152,266,699,160,814,568
29,Yuxuan,Hu,China,ICHN-B,2958,302,247,554,136,264,154,152,340,809,0,677,383
23,30,Jason,Zuffranieri,USA,USA-A,2909,311,256,491,60,186,259,184,232,930,0,1200,316
24,31,Keisui,Okuma,Japan,JPN-A,2891,356,255,507,200,277,273,164,160,699,0,889,455
United
25,32,Tom,Collyer,Kingdom,IGBR-A,2872,299,283,524,232,232,185,83,156,678,200,1011,715
Czech
33,Veronika,Macku,Republic,ICZE-B,2870,383,296,500,180,176,259,139,232,605,100,878,576
34,Yuhei,Kusui,Japan,UN-03,2866,243,272,320,260,92,148,242,289,900,100,1410,632
26,35,Eva,Schuckert,Austria,IAUT-A,2822,333,264,473,168,207,205,133,232,707,100,1475,532
27,36,Yannick,Meyapin,France,FRA-A,2731,152,305,386,228,239,197,131,310,623,160,679,693
Czech
37,Pavel,Kadlecik,Republic,ICZE-B,2677,267,137,427,56,71,247,194,136,942,200,899,393
28,38,Andrej,Plastiak,Slovakia,ISVK-A,2653,383,206,423,140,193,230,184,228,566,100,1094,446
39,Weifan,Wang,China,ICHN-B,2652,302,247,468,144,264,182,177,228,640,0,458,391
United
29,40,Mark,Goodliffe,Kingdom,IGBR-A,2619,337,220,427,232,195,91,152,228,507,230,643,682
30,41,Pavel,Jaselsky,Slovakia,ISVK-A,2612,321,226,317,216,211,156,85,300,530,250,Uaz,692
31,42,William,Blatt,USA,USA-A,2544,388,264,206,216,264,262,115,232,597,0,1347,480
32,43,Rakesh,Rai,India,IND-A,2528,284,198,514,160,161,231,115,194,671,0,928,358
33,44,Zoltan,Gyimesi,Hungary,HUN-A,2503,324,153,412,132,264,292,194,194,538,0,1288,285
34,45,Tomasz,Strozak,Poland,POL-A,2444,259,204,422,128,0,265,115,194,697,160,1042,49
35,46,Krystian,Swiderski,Poland,POL-A,2409,225,264,377,140,148,182,135,232,606,100,648,504
36,47,Piotr,Gdowski,Poland,POL-A,2403,252,156,412,160,36,196,161,274,756,0,918,316
48,Enyang,Li,China,ICHN-D,2328,302,166,375,68,149,148,128,198,694,100,605,334
37,49,Sebastian,Matschke,Germany,DEU-A,2301,288,174,332,72,220,128,146,266,575,100,1172,346
Kishore,Kumar
38,50,Sridharan,India,IND-A,2284,302,204,338,88,172,97,160,194,629,100,558,392
39,51,Stefan,Gaspar,Slovakia,ISVK-A,2262,265,117,479,136,161,128,84,96,596,200,866,453
52,Takeshi,Kawasaki,Japan,JPN-B,2254,226,226,488,176,123,182,128,232,473,0,420,402
53,Amit,Sowani,India,IND-B,2247,302,185,453,140,35,205,0,170,597,160,990,485
54,Robert,Vollmert,Germany,DEU-B,2243,288,134,216,156,184,251,90,174,590,160,1123,450
55,Xiaowei,Huang,China,ICHN-D,2236,338,196,278,84,180,168,135,160,597,100,1365,380
56,Taro,Arimatsu,Japan,JPN-B,2232,283,155,238,168,69,239,165,164,651,100,874,423
Czech
40,58,Pal,Madarassy,Hungary,HUN-B,2197,334,77,301,96,159,200,105,204,621,100,1389,273
41,59,Wei-Hwa,Huang,USA,USA-A,2177,227,86,221,132,230,148,133,160,610,230,743,448
42,60,M,la,Hawel,Austria,IAUT-A,2166,222,151,410,216,140,173,128,232,494,0,412,367
61,Olivier,Rubio,France,FRA-A,2138,264,155,376,60,159,197,128,122,577,100,799,315
62,Anne,Limoges,France,FRA-B,2134,255,106,278,152,159,231,139,126,588,100,1356,358
United
43,63,Heather,Golding,Kingdom,IGBR-A,2129,189,226,252,176,115,237,124,266,544,0,832,402
Netherland
44,64,Annick,Weyzig,s,NLD-A,2125,276,106,397,148,140,188,93,198,579,0,323,254
Netherland
45,65,Karin,Griffioen,s,NLD-A,2116,293,136,392,160,186,139,126,198,386,100,221,396
46,66,Laura,Tarchetti,Italy,ITA-A,2083,236,235,369,56,21,164,89,164,649,100,PET,,391
Luxembour
47,67,Claudine,Thiry,g,UN-O6,2081,249,141,227,164,124,167,128,228,553,100,405,405
48,68,Jim,Schneider,USA,USA-A,2058,201,136,374,152,57,150,88,198,602,100,754,388
69,Satoshi,Ando,Japan,JPN-B,2032,298,198,320,136,168,63,110,164,575,0,714,334
United
70,Neil,Zussman,Kingdom,IGBR-B,2017,238,98,351,160,92,168,108,204,498,100,1199,358
49,71,Hatice,Esra,Aydemir,Turkey,ITUR-A,1997,241,176,341,120,197,139,90,160,433,100,1112,396
72,Agnieszka,Buczma_,Poland,POL-B,1983,153,166,344,168,80,188,147,194,443,100,344,434
73,Gaurav,Kumar,Jain,India,IND-C,1942,302,166,368,44,184,177,93,156,452,0,580,210
74,Anderson,Wang,USA,UN-04,1930,228,163,340,52,161,58,132,194,502,100,626,315
50,75,Diana,Skrhova,Slovakia,ISVK-A,1894,237,196,324,136,153,114,132,126,376,100,867,432
76,Rajesh,Kumar,India,IND-B,1881,224,120,330,48,80,160,124,130,505,160,374,328
51,77,Jaakko,Kangasharju,Finland,FIN-A,1869,178,131,371,104,84,181,106,146,408,160,497,395
Czech
78,Petra,Cigova,Republic,ICZE-C,1854,242,125,307,84,137,171,124,126,438,100,480,309
79,Kerstin,Wége,Germany,DEU-B,1852,277,245,216,132,115,116,89,228,434,0,548,377
52,80,Torsten,Rogoll,Germany,DEU-A,1846,162,137,333,168,88,111,128,228,331,160,86,465
81,Natalia,Chanova,Slovakia,ISVK-B,1836,215,225,148,212,88,103,121,126,498,100,356,537
53,82,Matteo,Testa,Italy,ITA-A,1822,177,130,316,124,92,181,93,232,477,0,Salz,254
83,Tomoya,Kimura,Japan,UN-O3,1822,252,136,270,28,176,200,115,204,341,100,545,264
54,84,Zoran,Tanasic,Serbia,ISRB-A,1819,293,180,396,32,84,58,85,194,497,0,490,212
s,p,Srini
85,Guggilam,India,IND-C,1803,234,106,293,136,161,168,49,136,420,100,1190,342
55,86,Chiara,Nuzio,Italy,ITA-A,1774,216,234,291,76,92,105,107,208,445,0,513,310
87,Gulia,Franceschini,Italy,ITA-B,1774,291,141,288,96,149,128,86,160,335,100,406,337
in.,Off.,All,Name,Country,Team,Total,R1,R2,R3,R4,RS,R6,R7,R10,R11,R12,M,er
56,88,Tamas,Antal,Hungary,HUN-A,1751,253,111,330,92,92,116,64,102,591,oO,1121,203
Henning,Kalsgaard
57,89,Poulsen,Denmark,UN-05,1744,212,137,374,136,21,145,95,156,468,0,303,273
58,90,Przemystaw,Debiak,Poland,POL-A,1739,197,117,319,88,120,154,160,126,458,0,477,205
Czech
91,Karel,Stérba,Republic,ICZE-C,1735,197,191,307,84,184,28,121,228,395,0,366,275
92,Matthias,Reichmayr,Austria,UN-04,1720,67,94,315,88,184,167,51,198,456,100,822,282
Jaipal,Reddy
93,Mogiligundla,India,IND-C,1699,171,236,141,44,134,142,126,112,593,0,565,280
Pranav,Kamesh
94,Sivak,India,IND-B,1693,172,244,196,104,69,199,93,300,316,0,170,348
95,Igor,Hudak,Slovakia,ISVK-C,1677,210,107,268,148,101,90,28,170,455,100,283,355
96,Christoph,Seeliger,Germany,DEU-B,1645,234,108,360,36,72,126,499,0,497,164
Czech
97,Raul,Ka¢éirek,Republic,ICZE-C,1640,238,77,398,84,69,65,94,92,523,0,481,161
98,Yue,Yao,China,ICHN-D,1610,102,201,313,56,92,116,176,170,184,200,0,457
99,Valeria,Losasso,Italy,ITA-B,1602,184,106,150,180,53,131,93,164,441,100,262,386
59,100,Vasso,Kalaitzidou,Greece,IGRC-A,1590,239,73,359,44,140,134,115,126,260,100,581,217
Thomas
101,Zimmermann,Germany,DEU-B,1587,225,143,209,112,138,160,94,126,380,0,488,255
102,Stefano,Forcolin,Italy,ITA-B,1575,193,94,343,68,115,154,101,102,405,0,563,162
Netherland
103,Niels,Roest,s,NLD-B,1574,174,80,230,92,138,120,85,160,395,100,372,272
104,Akash,Doulani,India,IND-B,1555,147,137,336,104,92,54,101,198,386,0,283,241
60,105,Taner,Karabulut,Turkey,ITUR-A,1544,148,108,361,88,103,128,49,126,433,i,731,196
Michael
61,106,Mo&Rhammer,Austria,IAUT-A,1532,180,26,327,148,67,69,77,126,412,100,579,274
107,Mehmet,Durmus,Turkey,ITUR-B,1526,163,89,225,68,149,114,86,92,440,100,676,257
108,Marek,Kasar,Slovakia,ISVK-B,1524,155,124,261,136,105,171,132,164,276,0,295,260
Netherland
109,Delia,Keetman,Ss,NLD-B,1521,105,106,353,72,56,130,72,164,463,0,578,178
110,Beri,Kohen,Turkey,JTUR-B,1519,144,137,344,140,53,181,85,54,381,0,512,277
62,111,FatihKamerAnda_,Turkey,TUR-A,1512,220,111,282,64,92,205,27,164,347,0,977,175
112,Imke,Herold,Germany,DEU-C,1493,195,107,314,108,21,119,69,170,390,0,415,215
63,113,Maarit,Ryynanen,Finland,FIN-A,1492,162,111,336,72,161,171,97,126,256,0,708,183
64,114,Regina,Vunk,Estonia,EST-A,1481,162,164,263,28,105,113,118,204,324,0,179,192
65,115,Ulla,Elsila,Finland,FIN-A,1476,188,106,265,16,56,123,93,126,403,100,86,222
Tom,Groot,Netherland
66,116,Kormelink,is,NLD-A,1473,187,54,323,64,101,128,103,126,387,0,660,118
67,117,Cedomir,Milanovic,Serbia,ISRB-A,1461,213,107,277,128,80,128,77,126,225,100,244,335
118,Pawel,Kepezynski,Poland,POL-B,1447,150,176,250,68,159,105,40,198,301,0,473,244
68,119,Gianluca,Mancuso,_,italy,ITA-A,1444,137,152,315,132,69,156,96,150,237,0,375,284
69,120,Svilen,Dyakovski,Bulgaria,BGR-A,1440,102,181,290,56,128,54,108,126,295,100,178,337
121,Peter,Hornak,Slovakia,ISVK-B,1436,92,153,334,64,92,88,101,164,348,0,295,217
70,122,Ragnar,Kruberg,Estonia,EST-A,1427,162,204,258,132,36,60,93,194,188,100,93,436
123,Jaan,Laks,Estonia,EST-B,1418,142,104,278,48,88,122,73,170,293,100,454,252
Thomas
71,124,Dimopoulos,Greece,IGRC-A,1391,152,137,189,48,89,123,118,126,409,0,184,185
72,125,Deyan,Razsadov,Bulgaria,BGR-A,1376,184,89,201,132,128,117,90,126,309,0,488,221
126,Jinbo,Xie,China,ICHN-E,1355,194,106,258,108,89,85,75,198,242,i?,157,214
127,Tomasz,Skalski,Poland,POL-B,1350,155,114,222,68,136,63,40,160,392,0,208,182
128,Darong,Fang,China,ICHN-C,1350,137,127,231,128,56,79,50,160,382,0,184,255
73,129,Vladimir,Portugalov,Belarus,BLR-A,1341,159,84,268,88,71,60,56,204,351,i,342,172
74,130,Olga,Diaz,[Spain,UN-06,1329,181,156,302,80,35,143,114,126,192,ie,284,236
.,Off.,All,Name,King,of,Sprint
Country,Team,Total,R1,R2,R3,R4,RS,R6,R7,R10,R11,R1i2,M,er
131,Valerio,Stancanelli,Italy,ITA-B,1326,139,84,241,92,105,124,66,160,315,0,271,176
United
132,Adam,Bissett,Kingdom,IGBR-B,1312,151,117,198,72,67,146,52,38,371,100,535,289
75,133,Radoslav,Bochev,Bulgaria,BGR-A,1306,202,141,328,44,0,119,75,82,315,0,370,185
134,Jerome,Lacoste,France,FRA-B,1291,137,83,295,92,21,94,93,164,312,0,296,175
76,135,Christof,Bruetsch,Switzerland,CHE-A,1290,153,110,186,96,21,139,58,136,291,100,273,306
77,136,Roger,Kohler,Switzerland,CHE-A,1282,142,109,216,76,53,148,50,136,252,100,407,285
United
78,137,EmmaMcCaughan,Kingdom,IGBR-A,1263,129,91,220,88,21,37,78,126,373,100,357,279
79,138,Marko,Tanasic,Serbia,ISRB-A,1250,120,176,168,60,57,144,44,102,279,100,189,336
80,140,Kertu,Luht,Estonia,EST-A,1238,109,168,245,48,Oj,130,41,112,285,100,352,316
141,Ashish,Kumar,India,IND-C,1231,212,136,118,88,101,28,34,40,474,0,402,224
142,Gerda,Nador,Hungary,UN-01,1229,151,60,278,84,36,91,59,92,378,0,620,144
143,Allar,Padari,Estonia,EST-B,1226,153,81,135,72,35,168,70,126,286,100,670,25s
Czech
144,Pavel,Kalhous,Republic,UN-O5,1222,124,81,287,68,35,125,49,160,193,100,169,249
146,Taavi,Piller,Estonia,EST-B,1190,63,106,61,92,113,87,96,194,378,0,381,198
81,147,Marko,Obradovic,__,Serbia,ISRB-A,1176,177,83,135,24,115,146,38,102,256,100,tH,207
148,Miroslav,Salaga,Slovakia,ISVK-B,1155,147,83,126,88,71,124,25,160,331,0,86,171
Netherland
149,Yuk,Yee,Lee-Au,s,NLD-B,1114,137,141,157,72,53,53,76,170,255,0,110,213
150,Yucheng,Tang,China,ICHN-D,1112,159,140,90,104,35,54,68,126,336,0,191,244
Angelika
82,151,Schobesberger,Austria,IAUT-A,1112,123,106,207,52,57,54,160,285,0,179,158
Pierdante
152,Lanzavecchia,Italy,ITA-C,1101,96,43,267,80,88,117,61,112,237,0,395,123
153,Alexander,Angelov,Bulgaria,BGR-B,1063,102,49,120,124,184,37,31,68,348,0,178,173
154,Gyérgy,Herke,Hungary,HUN-B,1063,151,52,180,120,36,91,59,126,248,0,329,172
Czech
155,Petr,Vejchoda,Republic,UN-O5,1052,93,73,207,56,84,37,51,136,215,100,98,229
Jean-Christophe
156,Novelli,France,FRA-B,1047,57,78,136,32,80,114,75,136,239,100,163,210
83,157,Olga,Shut,Belarus,BLR-A,1022,115,58,120,52,92,114,0,44,427,0,716,110
158,Jiyun,Ma,China,ICHN-C,1009,146,58,193,64,148,105,55,0,240,0,473,122
159,Boglar,Major,Hungary,HUN-B,997,208,77,119,20,57,25,52,160,279,0,98,97
160,Viliam,Balko,Slovakia,ISVK-C,994,181,146,268,48,0,91,45,126,89,0,394,194
84,161,Szilvia,Nagy,Hungary,HUN-A,991,53,77,124,80,84,130,49,102,292,0,280,157
162,Antonis,Lalatsas,Greece,IGRC-A,971,105,77,199,48,56,60,49,102,275,0,111,125
163,Katalin,Stolmar,Hungary,UN-O1,961,152,58,67,56,140,57,75,102,254,0,190,114
85,164,Alesia,Andreyuk,Belarus,BLR-A,949,40,53,188,52,57,57,31,102,269,100,110,205
Netherland
86,165,Richard,Stolk,s,NLD-A,946,67,68,131,12,67,91,88,64,258,100,138,180
166,Tauri,Purk,Estonia,EST-B,946,33,136,169,124,36,90,92,160,106,0,0,260
167,Markus,Schindler,Germany,DEU-C,926,35,77,121,72,21,91,93,102,314,0,0,149
87,168,Sergei,Biriukov,Russia,RUS-A,921,26,110,155,28,57,97,78,102,268,0,169,138
169,Loraine,Mignot,France,FRA-B,918,150,83,178,48,48,77,77,68,189,0,283,131
170,Yishan,Liang,China,ICHN-C,915,153,136,124,20,36,111,28,126,181,0,86,156
171,Fanni,Pipé,Hungary,HUN-B,910,104,108,181,44,21,79,55,136,182,0,93,152
88,172,Kristéf,Szabd,Hungary,IHUN-A,910,147,106,229,48,56,60,28,54,182,0,93,154
89,173,Ivan,Laptiev,Russia,RUS-A,907,152,49,147,92,35,62,51,102,217,0,198,141
Netherland
174,René,Gilhuijs,s,NLD-B,905,65,84,212,56,32,O,65,160,231,0,oO,140
in.,Off.,All,Name,Country,Team,Total,R1,R2,R3,R4,RS,R6,R7,R10,R11,R12,M,er
175,Lucia,Ondovéikovd,Slovakia,SVK-C,901,129,61,233,80,36,37,51,136,138,i,257,141
176,Sude,Temiz,Turkey,TUR-B,893,117,87,224,88,105,136,28,44,64,i,235,175
90,177,Diana,Grigoreva,Russia,RUS-A,891,95,153,125,44,56,102,97,10,209,i,286,197
91,178,Jouni,Sarkijarvi,Finland,FIN-A,878,125,77,135,44,21,105,77,102,192,i,77,#121
179,Soji,Kubota,Japan,UN-03,864,104,77,137,40,21,90,38,68,289,0,0,117
United
180,Liane,Robinson,Kingdom,__,GBR-B,840,70,28,135,76,56,103,15,126,231,0,283,104
181,Xin,Zheng,China,ICHN-E,835,73,107,52,92,21,111,56,78,245,0,0,199
182,Danielle,Hoja,Germany,DEU-C,819,114,56,63,76,67,63,35,102,243,0,193,132
Netherland
183,Eline,Werkman,Ss,UN-06,809,122,77,96,8,71,53,49,102,231,0,86,85
184,Margarita,Tsvetkova,Bulgaria,BGR-B,794,86,77,199,68,O,28,58,136,142,0,173,145
92,185,Maria,Angeloudi,Greece,IGRC-A,789,65,106,38,4,21,130,93,126,206,0,aid,110
186,Galya,Titova,Bulgaria,BGR-B,758,62,49,106,40,56,77,28,102,238,i,170,89
187,Paolo,Tivano,Italy,ITA-C,747,64,83,155,80,53,28,61,34,189,0,86,163
188,Nick,Baxter,USA,UN-04,672,89,77,156,24,57,32,0,92,145,0,0,101
93,189,Alexey,Laptiev,Russia,RUS-A,670,81,49,120,100,O,34,+15,126,145,0,187,149
190,Diana,Paskhina,Russia,UN-0O2,669,88,30,135,44,92,91,34,44,111,0,414,74
191,Tomasz,Stanezak,Poland,POL-B,666,143,77,89,52,0,0,0,40,265,0,305,129
192,Jaroslav,Grajciar,Slovakia,ISVK-C,666,113,53,38,4,92,26,59,68,213,i,110,57
193,Claudio,Toffon,Italy,ITA-C,645,86,49,127,76,O,63,34,68,142,0,0,125
94,194,Markus,Roth,Switzerland,CHE-A,629,79,56,60,84,69,26,34,68,53,100,ie,240
United
195,Thomas,Powell,Kingdom,_,GBR-B,628,62,49,127,52,57,51,51,34,145,0,0,101
196,Rdbert,Steiner,Hungary,UN-O1,627,82,49,121,8,21,58,50,102,136,0,0,57
197,Giulio,Alberti,Italy,ITA-C,601,38,77,82,28,21,25,50,102,178,0,0,105
198,Ekaterina,Nuzhdina,Russia,UN-0O2,568,65,26,169,16,O,54,38,68,132,0,93,42
95,199,Ales,Zaloznik,Slovenia,UN-06,545,112,49,103,16,O,32,34,10,189,0,86,65
96,200,Sungyun,Lee,Korea,KOR-A,524,55,51,166,44,O,28,28,102,50,0,0,95
201,Evgenii,Bekishev,Russia,UN-0O2,507,105,O,23,16,21,37,34,68,203,0,0,16
97,202,Dajin,Yoo,Korea,KOR-A,483,96,49,O,92,35,60,49,102,0,0,0,141
98,203,Lyuben,Stoychev,Bulgaria,BGR-A,475,96,26,61,16,O,28,28,126,94,0,0,42
99,204,Heungchul,Park,Korea,KOR-A,469,80,26,100,28,21,O,34,44,136,0,86,54
Kanstantsin
100,205,Mikhalev,Belarus,BLR-A,402,32,26,82,40,O,37,0,34,#151,0,98,66
206,Larissa,Rudolph,Germany,DEU-C,358,30,26,91,52,0,26,15,68,50,0,0,73
101,207,Esther,Naef,Switzerland,CHE-A,349,33,26,52,24,O,54,34,10,116,0,77,50
208,Yan,Xu,China,ICHN-E,336,97,49,120,8,21,28,13,0,0,0,0,57
209,Hanur,Kim,Korea,KOR-B,314,29,Oj,82,20,92,O,13,78,i,i,92,20
210,Anton,Titov,Bulgaria,BGR-B,303,64,0,120,20,O,O,13,i,86,i,206,20
211,Jeongmo,Seo,Korea,KOR-B,124,17,Oj,15,Oj,92,i,i,i,i,i,92,i,
Muhammed,Enes
212,Erol,Turkey,JTUR-B,55,12,oO,oO,4,O,O,i,i,39,i,i,4
213,Yunha,Jang,Korea,KOR-B,Oo,oOo,oOo,oO,oO,Oo,O,i,i,i,i,i,i,
